36
position
data
-0.5 -0.5 -0.5 
0.5 -0.5 -0.5  
0.5  0.5 -0.5  
0.5  0.5 -0.5  
-0.5  0.5 -0.5 
-0.5 -0.5 -0.5 
-0.5 -0.5  0.5 
0.5 -0.5  0.5  
0.5  0.5  0.5  
0.5  0.5  0.5  
-0.5  0.5  0.5 
-0.5 -0.5  0.5 
-0.5  0.5  0.5 
-0.5  0.5 -0.5 
-0.5 -0.5 -0.5 
-0.5 -0.5 -0.5 
-0.5 -0.5  0.5 
-0.5  0.5  0.5 
0.5  0.5  0.5  
0.5  0.5 -0.5  
0.5 -0.5 -0.5  
0.5 -0.5 -0.5  
0.5 -0.5  0.5  
0.5  0.5  0.5  
-0.5 -0.5 -0.5 
0.5 -0.5 -0.5  
0.5 -0.5  0.5  
0.5 -0.5  0.5  
-0.5 -0.5  0.5 
-0.5 -0.5 -0.5 
-0.5  0.5 -0.5 
0.5  0.5 -0.5  
0.5  0.5  0.5  
0.5  0.5  0.5  
-0.5  0.5  0.5 
-0.5  0.5 -0.5 